time,base_time,time_offset,day_of_year,file_records,used_records,chopper_LI_7500,detector_LI_7500,momentum_flux,qc_momentum_flux,flag_momentum_flux,sensible_heat_flux,qc_sensible_heat_flux,flag_sensible_heat_flux,latent_flux,qc_latent_flux,flag_latent_flux,co2_flux,qc_co2_flux,flag_co2_flux,h2o_flux,qc_h2o_flux,flag_h2o_flux,ch4_flux,qc_ch4_flux,flag_ch4_flux,co2_molar_density,qc_co2_molar_density,co2_molar_fraction,co2_mixing_ratio,co2_timelag,flag_co2_timelag,h2o_molar_density,qc_h2o_molar_density,h2o_mole_fraction,h2o_mixing_ratio,h2o_timelag,flag_h2o_timelag,ch4_molar_density,qc_ch4_molar_density,ch4_mole_fraction,ch4_mixing_ratio,ch4_timelag,flag_ch4_timelag,sonic_temperature,qc_sonic_temperature,air_temperature,qc_air_temperature,air_pressure,qc_air_pressure,air_density,qc_air_density,air_heat_capacity,qc_air_heat_capacity,air_molar_volume,evapotranspiration_flux,water_vapor_density,water_vapor_partial_pressure,water_vapor_partial_pressure_saturated,specific_humidity,relative_humidity,water_vapor_pressure_deficit,dew_point_temperature,wind_u_component,qc_wind_u_component,wind_v_component,qc_wind_v_component,wind_w_component,qc_wind_w_component,rotated_mean_u,rotated_mean_v,rotated_mean_w,mean_wind,qc_mean_wind,maximum_instantaneous_wind_speed,wind_direction_from_north,qc_wind_direction_from_north,first_rotation_angle,second_rotation_angle,friction_velocity,qc_friction_velocity,turbulent_kinetic_energy,Monin_Obukhov_length,Monin_Obukhov_stability_parameter,Bowen_ratio,scaling_temperature,uncorrected_momentum_flux,spectral_correction_momentum_flux,uncorrected_sensible_heat_flux,qc_uncorrected_sensible_heat_flux,spectral_correction_sensible_heat_flux,uncorrected_latent_heat_flux,qc_uncorrected_latent_heat_flux,spectral_correction_latent_heat_flux,uncorrected_co2_flux,qc_uncorrected_co2_flux,spectral_correction_co2_flux,uncorrected_h2o_flux,spectral_correction_h2o_flux,uncorrected_ch4_flux,qc_uncorrected_ch4_flux,spectral_correction_ch4_flux,hard_flags_spike_test,hard_flags_resolution,hard_flags_drop_out_test,hard_flags_absolute_limits,hard_flags_skewness_kurtosis,soft_flags_skewness_kurtosis,hard_flags_discontinuities_test,soft_flags_discontinuities_test,hard_flags_time_lag_test,soft_flags_time_lag_test,hard_flags_attack_angle_test,hard_flags_non_steady_wind,number_spikes_u,number_spikes_v,number_spikes_w,number_spikes_ts,number_spikes_co2,number_spikes_h2o,number_spikes_ch4,phase_lock_flag_LI_7500,sync_flag_LI_7500,mean_value_LI_7500,variance_u,qc_variance_u,variance_v,qc_variance_v,variance_w,qc_variance_w,variance_ts,qc_variance_ts,variance_co2,qc_variance_co2,variance_h2o,qc_variance_h2o,variance_ch4,qc_variance_ch4,covariance_w_ts_cov,covariance_w_co2_cov,covariance_w_h2o_cov,covariance_w_ch4_cov,co2_signal_strength_7500_mean,lat,lon,alt
2025-06-17 00:00:00,2025-06-17,2025-06-17 00:00:00,168.0,18000.0,18000.0,0.0,0.0,-0.0311293,0,0.0,17.4946,0,0.0,54.6616,0,0.0,-0.395641,0,0.0,1.23698,0,0.0,,1,0.0,17.1512,0,410.777,419.422,0.0,0.0,860.618,0,20.6121,21.0459,0.0,0.0,,1,,,,9.0,298.068,0,293.352,0,101.833,0,1.19994,0,1016.95,0,0.0239503,0.0801562,0.0155083,2.09955,2.3605301,0.0129243,88.9438,0.260985,291.435,-0.7663,0,3.41595,0,0.199967,0,3.50656,-2.04588e-14,1.66846e-15,3.50656,0,5.32579,77.8201,0,102.644,3.26917,0.161067,0,0.391072,-21.1471,-0.182531,0.320053,-0.0890106,-0.0307808,1.01132,20.2316,0,1.02205,47.2875,0,1.09281,-1.59412,0,1.09281,1.0701,1.09281,,1,,800000099.0,800000099.0,800000099.0,800000099.0,800000099.0,800000099.0,899999999.0,899999999.0,89999.0,89999.0,89.0,89.0,0.0,8.0,3.0,11.0,2.0,9.0,,0.0,0.0,100.0,0.331221,0,0.412466,0,0.0384566,0,0.0407801,0,0.000776948,2,208.907,0,,1,0.0165796,-0.00159412,1.0701,,100.555,38.838,-76.37,3.0
2025-06-17 00:30:00,2025-06-17,2025-06-17 00:30:00,168.0208,18000.0,18000.0,0.0,0.0,-0.0438915,0,0.0,20.1452,0,0.0,77.4465,0,0.0,-0.453561,0,0.0,1.75328,0,0.0,,1,0.0,17.1717,0,411.899,420.455,0.0,0.0,848.353,0,20.3495,20.7722,0.0,0.0,,1,,,,9.0,298.179,0,293.76,0,101.818,0,1.19822,0,1016.8,0,0.0239871,0.113613,0.0152873,2.07251,2.4207199,0.0127584,85.6154,0.348211,291.228,-0.208097,0,4.49974,0,0.25923,0,4.512,3.47939e-14,6.06299e-15,4.512,0,6.34926,87.3766,0,92.6478,3.29366,0.191392,0,0.326361,-30.8085,-0.12529,0.260118,-0.0863926,-0.0433435,1.01264,23.9974,0,1.02662,66.8721,0,1.10301,-1.94233,0,1.10301,1.51389,1.10301,,1,,800000099.0,800000099.0,800000099.0,800000099.0,800000099.0,800000099.0,899999999.0,899999999.0,89999.0,89999.0,89.0,89.0,8.0,3.0,1.0,2.0,1.0,2.0,,0.0,0.0,100.0,0.307809,0,0.297916,0,0.0469961,0,0.0437373,0,0.000494581,2,308.344,0,,1,0.0196966,-0.00194233,1.51389,,100.96,38.838,-76.37,3.0
2025-06-17 01:00:00,2025-06-17,2025-06-17 01:00:00,168.0416,18000.0,18000.0,0.0,0.0,-0.066912,0,1.0,25.3971,0,1.0,86.3328,0,1.0,-1.22363,0,1.0,1.95401,0,1.0,,1,0.0,17.2452,0,413.287,421.885,0.0,0.0,850.417,0,20.3806,20.8046,0.0,0.0,,1,,,,9.0,297.975,0,293.521,0,101.828,0,1.19929,0,1016.82,0,0.0239654,0.12662,0.0153245,2.07586,2.3853798,0.012778,87.0245,0.30951503,291.254,0.318587,0,4.4785,0,0.218279,0,4.49512,-1.59656e-13,6.3297e-15,4.49512,0,6.42933,94.6167,0,85.931,2.78333,0.236206,0,0.690372,-45.9399,-0.0840228,0.294177,-0.0881715,-0.0660783,1.01262,29.6143,0,1.02654,74.2693,0,1.10284,-2.95145,0,1.10284,1.68097,1.10284,,1,,800000099.0,800000099.0,800000099.0,800000099.0,800000099.0,800000099.0,899999999.0,899999999.0,89999.0,89999.0,89.0,89.0,2.0,4.0,2.0,0.0,0.0,0.0,,0.0,0.0,100.0,0.461361,0,0.865212,0,0.0541716,0,0.066002,0,0.00135816,0,349.094,0,,1,0.0242848,-0.00295145,1.68097,,100.927,38.838,-76.37,3.0
2025-06-17 01:30:00,2025-06-17,2025-06-17 01:30:00,168.0624,18000.0,18000.0,0.0,0.0,-0.0570104,0,0.0,22.8073,0,0.0,70.3326,0,0.0,-0.267268,0,0.0,1.59145,0,0.0,,1,0.0,17.29,0,413.907,422.358,0.0,0.0,835.774,0,20.0077,20.4162,0.0,0.0,,1,,,,9.0,297.723,0,293.247,0,101.844,0,1.20077,0,1016.6,0,0.0239392,0.103126,0.0150606,2.03821,2.34522,0.0125425,86.9091,0.307009,290.963,1.23203,0,3.74531,0,0.142873,0,3.94533,-1.8109e-13,3.11509e-15,3.94533,0,6.23838,107.522,0,71.7912,2.07532,0.217895,0,0.482789,-40.1595,-0.0961168,0.324278,-0.0857465,-0.0563437,1.01183,26.2599,0,1.02399,60.6761,0,1.09717,-1.84813,0,1.09717,1.37294,1.09717,,1,,800000099.0,800000099.0,800000099.0,800000099.0,800000099.0,800000099.0,899999999.0,899999999.0,89999.0,89999.0,89.0,89.0,5.0,3.0,6.0,11.0,8.0,4.0,,0.0,0.0,100.0,0.397338,0,0.518343,0,0.0498971,0,0.0637339,0,0.000733065,2,301.48,0,,1,0.021512,-0.00184813,1.37294,,100.952,38.838,-76.37,3.0
2025-06-17 02:00:00,2025-06-17,2025-06-17 02:00:00,168.0833,18000.0,18000.0,0.0,0.0,-0.029129,0,0.0,16.5345,0,0.0,51.0023,0,0.0,-0.368082,0,0.0,1.15397,0,0.0,,1,0.0,17.354,0,415.302,423.708,0.0,0.0,828.966,0,19.8382,20.2397,0.0,0.0,,1,,,,9.0,297.642,0,293.174,0,101.852,0,1.20125,0,1016.5,0,0.0239313,0.0747773,0.014938,2.02111,2.33475,0.0124354,86.5663,0.31364402,290.829,1.06982,0,3.49416,0,0.118788,0,3.6562,-6.29533e-14,-8.2324e-16,3.6562,0,5.7675,107.121,0,72.9767,1.86183,0.155721,0,0.277869,-20.2201,-0.1909,0.324191,-0.0869569,-0.0287983,1.01148,19.0651,0,1.0227,44.1371,0,1.09427,-1.50689,0,1.09427,0.99864,1.09427,,1,,800000099.0,800000099.0,800000099.0,800000099.0,800000099.0,800000099.0,899999999.0,899999999.0,89999.0,89999.0,89.0,89.0,6.0,2.0,5.0,0.0,0.0,0.0,,0.0,0.0,100.0,0.276116,0,0.243147,0,0.0364741,0,0.0529685,0,0.000807176,2,242.577,0,,1,0.0156135,-0.00150689,0.99864,,100.975,38.838,-76.37,3.0
2025-06-17 02:30:00,2025-06-17,2025-06-17 02:30:00,168.1041,18000.0,18000.0,0.0,0.0,-0.0507945,0,0.0,24.0359,0,0.0,75.6735,0,0.0,-0.621623,0,0.0,1.71208,0,0.0,,1,0.0,17.4192,0,416.779,425.229,0.0,0.0,830.522,0,19.8715,20.2744,0.0,0.0,,1,,,,9.0,297.6,0,293.117,0,101.853,0,1.20147,0,1016.52,0,0.0239265,0.110943,0.014966,2.02451,2.32649,0.0124564,87.0196,0.301988,290.856,0.839792,0,4.06544,0,0.170607,0,4.15478,5.01332e-14,2.26028e-15,4.15478,0,5.99334,101.46,0,78.3287,2.35338,0.205614,0,0.323399,-32.0209,-0.120546,0.317626,-0.0957149,-0.0501866,1.01211,27.7298,0,1.02495,65.2274,0,1.0993,-2.27859,0,1.0993,1.47574,1.0993,,1,,800000099.0,800000099.0,800000099.0,800000099.0,800000099.0,800000099.0,899999999.0,899999999.0,89999.0,89999.0,89.0,89.0,5.0,9.0,5.0,4.0,2.0,3.0,,0.0,0.0,100.0,0.333078,0,0.268967,0,0.0447544,0,0.0600493,0,0.000939397,2,271.782,0,,1,0.0227049,-0.00227859,1.47574,,100.958,38.838,-76.37,3.0
2025-06-17 03:00:00,2025-06-17,2025-06-17 03:00:00,168.1249,18000.0,18000.0,0.0,0.0,-0.0415204,0,0.0,24.4127,0,0.0,69.7914,0,0.0,-0.435461,0,0.0,1.57882,0,0.0,,1,0.0,17.4673,0,417.745,426.159,0.0,0.0,825.584,0,19.7445,20.1422,0.0,0.0,,1,,,,9.0,297.481,0,292.998,0,101.856,0,1.20206,0,1016.44,0,0.0239158,0.102308,0.014877,2.01165,2.3093,0.0123762,87.1108,0.297651,290.755,1.08934,0,4.18036,0,0.167331,0,4.32321,1.94442e-14,2.59826e-16,4.32321,0,6.60959,104.549,0,75.3944,2.21821,0.185852,0,0.3149,-23.2822,-0.165792,0.349795,-0.107507,-0.0410136,1.01236,27.7393,0,1.02573,59.8745,0,1.10104,-2.07646,0,1.10104,1.35448,1.10104,,1,,800000099.0,800000099.0,800000099.0,800000099.0,800000099.0,800000099.0,899999999.0,899999999.0,89999.0,89999.0,89.0,89.0,5.0,7.0,4.0,0.0,1.0,1.0,,0.0,0.0,100.0,0.285119,0,0.294609,0,0.0500719,0,0.0745621,0,0.00074159,2,294.681,0,,1,0.0227031,-0.00207646,1.35448,,100.96,38.838,-76.37,3.0
2025-06-17 03:30:00,2025-06-17,2025-06-17 03:30:00,168.1458,18000.0,18000.0,0.0,0.0,-0.0419983,0,0.0,21.6296,0,0.0,65.6394,0,0.0,0.354504,0,1.0,1.48441,0,0.0,,1,0.0,17.5323,0,418.816,427.202,-0.1,0.0,821.75,0,19.6302,20.0233,-0.1,0.0,,1,,,,9.0,297.133,0,292.662,0,101.857,0,1.2035,0,1016.37,0,0.0238883,0.0961899,0.0148079,2.00001,2.26174,0.012304,88.428,0.261729,290.663,1.04732,0,3.17142,0,0.129735,0,3.34239,2.97247e-14,3.42081e-15,3.34239,0,5.68203,108.279,0,71.7249,2.22449,0.186807,0,0.399694,-26.6843,-0.144654,0.329523,-0.0946579,-0.0415344,1.01117,24.9089,0,1.02135,56.9588,0,1.09123,-1.21571,0,1.09123,1.2881,1.09123,,1,,800000099.0,800000099.0,800000099.0,800000099.0,800000099.0,800000099.0,899999999.0,899999999.0,89999.0,89999.0,89.0,89.0,1.0,1.0,1.0,10.0,2.0,15.0,,0.0,0.0,100.0,0.419911,0,0.338073,0,0.0414037,0,0.0626733,0,0.00145795,0,220.364,0,,1,0.0203635,-0.00121571,1.2881,,100.676,38.838,-76.37,3.0
2025-06-17 04:00:00,2025-06-17,2025-06-17 04:00:00,168.1666,18000.0,18000.0,0.0,0.0,-0.0243512,0,0.0,22.2157,0,0.0,57.2061,0,0.0,-0.348016,0,0.0,1.29327,0,0.0,,1,0.0,17.5625,0,419.122,427.492,0.0,0.0,820.43,0,19.5792,19.9702,0.0,0.0,,1,,,,9.0,297.016,0,292.324,0,101.84,0,1.20472,0,1016.34,0,0.0238646,0.0838042,0.0147841,1.99449,2.21463,0.0122719,90.0597,0.22014,290.619,0.431907,0,3.07509,0,0.137189,0,3.1083,-2.51108e-14,4.60809e-15,3.1083,0,4.68307,98.205,0,82.0049,2.52965,0.142173,0,0.236913,-11.4515,-0.337075,0.388345,-0.12762,-0.0240865,1.01099,25.0288,0,1.02039,49.432,0,1.08904,-1.81834,0,1.08904,1.11752,1.08904,,1,,800000099.0,800000099.0,800000099.0,800000099.0,800000099.0,800000099.0,899999999.0,899999999.0,89999.0,89999.0,89.0,89.0,9.0,6.0,3.0,11.0,7.0,7.0,,0.0,0.0,100.0,0.244749,0,0.193959,0,0.0351185,0,0.0566896,0,0.000634797,2,194.209,0,,1,0.0204416,-0.00181834,1.11752,,100.694,38.838,-76.37,3.0
2025-06-17 04:30:00,2025-06-17,2025-06-17 04:30:00,168.1874,18000.0,18000.0,0.0,0.0,-0.0378794,0,0.0,29.9392,0,0.0,79.9487,0,0.0,-0.47094,0,0.0,1.80769,0,0.0,,1,0.0,17.5948,0,420.227,428.661,0.0,0.0,823.834,0,19.676,20.071,0.0,0.0,,1,,,,9.0,296.968,0,292.478,0,101.813,0,1.20372,0,1016.4,0,0.0238835,0.117138,0.0148455,2.00382,2.23593,0.012333,89.6191,0.232109,290.693,0.134984,0,3.92441,0,0.215041,0,3.93261,-1.59654e-14,6.68011e-16,3.93261,0,5.59962,91.9672,0,88.03,3.13458,0.177394,0,0.276201,-16.5034,-0.233892,0.37448,-0.137947,-0.0374371,1.01182,33.7583,0,1.02393,68.6638,0,1.09704,-2.46376,0,1.09704,1.55253,1.09704,,1,,800000099.0,800000099.0,800000099.0,800000099.0,800000099.0,800000099.0,899999999.0,899999999.0,89999.0,89999.0,89.0,89.0,7.0,8.0,3.0,11.0,9.0,8.0,,0.0,0.0,100.0,0.28162,0,0.227936,0,0.0428475,0,0.0752266,0,0.000680227,2,256.867,0,,1,0.0275926,-0.00246376,1.55253,,100.831,38.838,-76.37,3.0
2025-06-17 05:00:00,2025-06-17,2025-06-17 05:00:00,168.2083,18000.0,18000.0,0.0,0.0,-0.03878,0,0.0,29.2436,0,0.0,89.2929,0,0.0,-0.135381,0,0.0,2.01907,0,0.0,,1,0.0,17.5881,0,420.109,428.45,0.0,0.0,815.056,0,19.4684,19.855,0.0,0.0,,1,,,,9.0,296.967,0,292.531,0,101.821,0,1.20369,0,1016.28,0,0.023886,0.130836,0.0146873,1.9828299,2.24329,0.0122019,88.3892,0.26046398,290.526,0.0653389,0,4.05809,0,0.232175,0,4.06525,8.76143e-14,-3.16879e-15,4.06525,0,5.73243,90.7682,0,89.0776,3.27406,0.179493,0,0.37485,-17.503,-0.220533,0.327502,-0.133185,-0.0383205,1.01199,33.5833,0,1.02454,77.0298,0,1.09839,-2.20421,0,1.09839,1.74178,1.09839,,1,,800000099.0,800000099.0,800000099.0,800000099.0,800000099.0,800000099.0,899999999.0,899999999.0,89999.0,89999.0,89.0,89.0,2.0,7.0,4.0,9.0,2.0,5.0,,0.0,0.0,100.0,0.249908,0,0.450511,0,0.0492799,0,0.0697219,0,0.000714914,2,316.662,0,,1,0.0274533,-0.00220421,1.74178,,100.898,38.838,-76.37,3.0
2025-06-17 05:30:00,2025-06-17,2025-06-17 05:30:00,168.2291,18000.0,18000.0,0.0,0.0,-0.0362363,0,1.0,22.8008,0,0.0,60.7405,0,0.0,-0.427811,0,0.0,1.3732,0,0.0,,1,0.0,17.6241,0,420.649,428.801,-0.1,0.0,796.564,0,19.0123,19.3807,-0.1,0.0,,1,,,,9.0,296.732,0,292.34,0,101.832,0,1.20482,0,1016.02,0,0.0238678,0.0889833,0.0143541,1.93658,2.2168899,0.0119139,87.3557,0.28031,290.153,1.46491,0,3.10698,0,0.132784,0,3.43758,5.40145e-14,1.27002e-15,3.43758,0,5.63964,115.233,0,64.7566,2.21373,0.173425,0,0.474828,-20.2482,-0.190634,0.37538,-0.107403,-0.035833,1.01126,25.7606,0,1.02175,52.5029,0,1.09214,-1.9489,0,1.09214,1.18697,1.09214,,1,,800000099.0,800000099.0,800000099.0,800000099.0,800000099.0,800000099.0,899999999.0,899999999.0,89999.0,89999.0,89.0,89.0,12.0,2.0,2.0,0.0,1.0,0.0,,0.0,0.0,100.0,0.553074,0,0.353605,0,0.0429769,0,0.067236,0,0.00104969,0,226.629,0,,1,0.0210443,-0.0019489,1.18697,,100.966,38.838,-76.37,3.0
2025-06-17 06:00:00,2025-06-17,2025-06-17 06:00:00,168.2499,18000.0,18000.0,0.0,0.0,-0.0311516,0,0.0,19.1624,0,0.0,54.0818,0,0.0,-0.310963,0,0.0,1.22243,0,0.0,,1,0.0,17.6467,0,421.005,429.07,-0.1,0.0,787.852,0,18.7962,19.1562,-0.1,0.0,,1,,,,9.0,296.549,0,292.148,0,101.81,0,1.20544,0,1015.89,0,0.0238575,0.0792137,0.0141971,1.91414,2.19046,0.0117775,87.3854,0.27631798,289.97,0.959561,0,3.13137,0,0.122488,0,3.27738,2.01202e-14,-1.38128e-15,3.27738,0,4.87729,107.128,0,72.9631,2.14186,0.160756,0,0.251724,-19.1851,-0.201198,0.354324,-0.0973402,-0.0308091,1.01111,21.8359,0,1.02108,46.9444,0,1.09061,-1.62377,0,1.09061,1.0611,1.09061,,1,,800000099.0,800000099.0,800000099.0,800000099.0,800000099.0,800000099.0,899999999.0,899999999.0,89999.0,89999.0,89.0,89.0,8.0,2.0,4.0,8.0,9.0,13.0,,0.0,0.0,100.0,0.239125,0,0.230487,0,0.0338371,0,0.051915,0,0.000531642,2,183.913,0,,1,0.0178311,-0.00162377,1.0611,,100.979,38.838,-76.37,3.0
2025-06-17 06:30:00,2025-06-17,2025-06-17 06:30:00,168.2707,18000.0,18000.0,0.0,0.0,-0.0333261,0,0.0,21.4285,0,0.0,58.9704,0,0.0,-0.206579,0,0.0,1.33283,0,0.0,,1,0.0,17.6482,0,421.033,429.118,0.0,0.0,789.704,0,18.84,19.2017,0.0,0.0,,1,,,,9.0,296.532,0,292.071,0,101.785,0,1.20544,0,1015.91,0,0.023857,0.0863677,0.0142305,1.91813,2.17988,0.0118052,87.9924,0.261753,290.002,0.677629,0,3.4847,0,0.160743,0,3.55361,-4.59099e-14,-3.45037e-15,3.55361,0,5.30428,101.171,0,78.9957,2.59258,0.166272,0,0.328627,-18.9804,-0.203367,0.363377,-0.105237,-0.0329514,1.01137,24.3002,0,1.02225,51.0086,0,1.09327,-1.66946,0,1.09327,1.15288,1.09327,,1,,800000099.0,800000099.0,800000099.0,800000099.0,800000099.0,800000099.0,899999999.0,899999999.0,89999.0,89999.0,89.0,89.0,6.0,4.0,2.0,9.0,6.0,9.0,,0.0,0.0,100.0,0.258626,0,0.355868,0,0.042761,0,0.0544209,0,0.000532655,2,193.814,0,,1,0.019843,-0.00166946,1.15288,,100.953,38.838,-76.37,3.0
2025-06-17 07:00:00,2025-06-17,2025-06-17 07:00:00,168.2916,18000.0,18000.0,0.0,0.0,-0.0328596,0,0.0,20.0777,0,0.0,57.5777,0,0.0,-0.051198,0,0.0,1.30134,0,0.0,,1,0.0,17.6824,0,421.869,430.001,0.0,0.0,792.645,0,18.911,19.2755,0.0,0.0,,1,,,,9.0,296.507,0,292.06,0,101.776,0,1.20536,0,1015.95,0,0.0238581,0.0843269,0.0142835,1.9252,2.1783998,0.01185,88.3772,0.253191,290.06,0.828774,0,3.15724,0,0.147469,0,3.26754,-1.0581e-14,-1.33123e-15,3.26754,0,4.92278,104.862,0,75.2917,2.58672,0.16511,0,0.243001,-19.8347,-0.194608,0.348707,-0.0993007,-0.0324986,1.01111,22.9308,0,1.02104,49.9943,0,1.09052,-1.46072,0,1.09052,1.12995,1.09052,,1,,800000099.0,800000099.0,800000099.0,800000099.0,800000099.0,800000099.0,899999999.0,899999999.0,89999.0,89999.0,89.0,89.0,13.0,2.0,1.0,11.0,7.0,7.0,,0.0,0.0,100.0,0.240384,0,0.207276,0,0.0383413,0,0.0489116,0,0.000759881,2,181.372,0,,1,0.0187254,-0.00146072,1.12995,,100.946,38.838,-76.37,3.0
2025-06-17 07:30:00,2025-06-17,2025-06-17 07:30:00,168.3124,18000.0,18000.0,0.0,0.0,-0.0234681,0,0.0,18.4116,0,0.0,46.4576,0,0.0,-0.2291,0,0.0,1.05007,0,0.0,,1,0.0,17.7652,0,423.906,432.151,-0.1,0.0,799.558,0,19.0787,19.4497,-0.1,0.0,,1,,,,9.0,296.535,0,292.114,0,101.78,0,1.2051,0,1016.05,0,0.0238615,0.0680443,0.014408,1.94236,2.18581,0.0119558,88.8621,0.243453,290.2,1.20218,0,2.31826,0,0.111551,0,2.61382,-1.19601e-13,2.80693e-15,2.61382,0,4.58943,118.771,0,62.5901,2.44599,0.139549,0,0.475466,-13.0598,-0.295564,0.396309,-0.107752,-0.023217,1.01082,20.7276,0,1.01851,40.3334,0,1.08471,-1.4647,0,1.08471,0.911643,1.08471,,1,,800000099.0,800000099.0,800000099.0,800000099.0,800000099.0,800000099.0,899999999.0,899999999.0,89999.0,89999.0,89.0,89.0,5.0,3.0,6.0,18.0,6.0,19.0,,0.0,0.0,100.0,0.308663,0,0.606182,0,0.0360876,0,0.044307,0,0.000853271,2,144.176,0,,1,0.0169281,-0.0014647,0.911643,,100.936,38.838,-76.37,3.0
2025-06-17 08:00:00,2025-06-17,2025-06-17 08:00:00,168.3332,18000.0,18000.0,0.0,0.0,-0.0393698,0,0.0,26.4447,0,0.0,68.1039,0,0.0,-0.596546,0,0.0,1.53955,0,0.0,,1,0.0,17.7476,0,423.685,431.969,-0.1,0.0,803.315,0,19.1773,19.5523,-0.1,0.0,,1,,,,9.0,296.69,0,292.261,0,101.784,0,1.20449,0,1016.11,0,0.0238728,0.0997629,0.0144757,1.9524599,2.2059,0.0120181,88.5108,0.253441,290.282,1.97151,0,1.99687,0,0.127161,0,2.809,-4.97124e-14,-1.56346e-15,2.809,0,4.73881,134.919,0,45.3662,2.59462,0.180792,0,0.340005,-19.7727,-0.195218,0.388299,-0.119513,-0.0389474,1.01085,29.8283,0,1.01922,59.0691,0,1.08636,-2.35745,0,1.08636,1.33531,1.08636,,1,,800000099.0,800000099.0,800000099.0,800000099.0,800000099.0,800000099.0,899999999.0,899999999.0,89999.0,89999.0,89.0,89.0,9.0,6.0,3.0,13.0,10.0,13.0,,0.0,0.0,100.0,0.259987,0,0.376296,0,0.0437279,0,0.0597206,0,0.000834703,2,210.51,0,,1,0.0243716,-0.00235745,1.33531,,100.878,38.838,-76.37,3.0
2025-06-17 08:30:00,2025-06-17,2025-06-17 08:30:00,168.3541,18000.0,18000.0,0.0,0.0,-0.0210938,0,0.0,21.4539,0,0.0,58.5956,0,0.0,-0.176127,0,0.0,1.32464,0,0.0,,1,0.0,17.7783,0,424.523,432.878,-0.1,0.0,808.307,0,19.3013,19.6812,-0.1,0.0,,1,,,,9.0,296.692,0,292.291,0,101.769,0,1.20414,0,1016.18,0,0.0238787,0.0858369,0.0145657,1.9648,2.2101002,0.0120964,88.9008,0.24530299,290.382,1.30327,0,2.31733,0,0.110611,0,2.66098,-5.26678e-14,-1.496e-16,2.66098,0,4.11733,119.38,0,60.6465,2.38235,0.132355,0,0.263735,-9.56187,-0.403687,0.366135,-0.132471,-0.020868,1.01082,24.4043,0,1.01868,50.9809,0,1.0851,-1.66344,0,1.0851,1.1525,1.0851,,1,,800000099.0,800000099.0,800000099.0,800000099.0,800000099.0,800000099.0,899999999.0,899999999.0,89999.0,89999.0,89.0,89.0,3.0,2.0,3.0,15.0,9.0,10.0,,0.0,0.0,100.0,0.173466,0,0.317708,0,0.0362968,0,0.0475614,0,0.000497088,2,166.221,0,,1,0.0199444,-0.00166344,1.1525,,100.932,38.838,-76.37,3.0
2025-06-17 09:00:00,2025-06-17,2025-06-17 09:00:00,168.3749,18000.0,18000.0,0.0,0.0,-0.0252015,0,0.0,16.6271,0,0.0,44.3272,0,0.0,-0.23207,0,0.0,1.00209,0,0.0,,1,0.0,17.8162,0,425.397,433.774,-0.1,0.0,808.816,0,19.3121,19.6924,-0.1,0.0,,1,,,,9.0,296.696,0,292.298,0,101.779,0,1.20422,0,1016.18,0,0.023877,0.0649356,0.0145749,1.96608,2.21104,0.0121032,88.9213,0.24495399,290.392,1.167,0,1.87952,0,0.0929006,0,2.2143,-1.61193e-15,1.00178e-15,2.2143,0,3.84328,122.488,0,58.1637,2.40454,0.144664,0,0.272841,-16.1111,-0.239586,0.375099,-0.0939245,-0.024928,1.01097,18.883,0,1.01724,38.6522,0,1.08164,-1.37441,0,1.08164,0.873799,1.08164,,1,,800000099.0,800000099.0,800000099.0,800000099.0,800000099.0,800000099.0,899999999.0,899999999.0,89999.0,89999.0,89.0,89.0,1.0,2.0,2.0,14.0,9.0,16.0,,0.0,0.0,100.0,0.224537,0,0.293341,0,0.0278045,0,0.034324,0,0.000951679,2,119.83,0,,1,0.015431,-0.00137441,0.873799,,100.821,38.838,-76.37,3.0
2025-06-17 09:30:00,2025-06-17,2025-06-17 09:30:00,168.3957,18000.0,18000.0,0.0,0.0,-0.0153513,0,0.0,12.8563,0,0.0,32.8803,0,0.0,-0.167687,0,0.0,0.743299,0,0.0,,1,0.0,17.872,0,426.708,435.132,-0.1,0.0,810.885,0,19.3605,19.7427,-0.1,0.0,,1,,,,9.0,296.672,0,292.275,0,101.776,0,1.20426,0,1016.21,0,0.0238757,0.0481658,0.0146121,1.9709599,2.2079098,0.0121337,89.268,0.23695199,290.431,0.847036,0,1.9265,0,0.0713352,0,2.1057,-1.72727e-14,-3.79049e-15,2.1057,0,3.55249,113.848,0,66.2661,1.94139,0.112905,0,0.19004,-9.90557,-0.38968,0.391004,-0.0930464,-0.0151831,1.01108,14.5257,0,1.01695,28.6376,0,1.0809,-1.04293,0,1.0809,0.647388,1.0809,,1,,800000099.0,800000099.0,800000099.0,800000099.0,800000099.0,800000099.0,899999999.0,899999999.0,89999.0,89999.0,89.0,89.0,5.0,3.0,1.0,17.0,14.0,21.0,,0.0,0.0,100.0,0.148358,0,0.205104,0,0.0266178,0,0.0266963,0,0.000427334,2,83.5446,2,,1,0.0118695,-0.00104293,0.647388,,100.927,38.838,-76.37,3.0
2025-06-17 10:00:00,2025-06-17,2025-06-17 10:00:00,168.4165,18000.0,18000.0,0.0,0.0,-0.016422,0,0.0,14.5696,0,0.0,39.9404,0,0.0,-0.0559954,0,0.0,0.902944,0,0.0,,1,0.0,17.8668,0,426.582,434.999,-0.1,0.0,810.405,0,19.349,19.7307,-0.1,0.0,,1,,,,9.0,296.708,0,292.324,0,101.793,0,1.20427,0,1016.21,0,0.0238757,0.0585108,0.0146035,1.97012,2.21464,0.0121265,88.9591,0.244515,290.425,0.846363,0,1.86164,0,0.0848982,0,2.04676,-1.89217e-14,-3.92497e-15,2.04676,0,3.5709,114.551,0,65.5519,2.37727,0.116776,0,0.214003,-9.67198,-0.399091,0.364784,-0.101951,-0.0162409,1.01115,16.6179,0,1.0168,34.8978,0,1.08051,-1.08181,0,1.08051,0.788945,1.08051,,1,,800000099.0,800000099.0,800000099.0,800000099.0,800000099.0,800000199.0,899999999.0,899999999.0,89999.0,89999.0,89.0,89.0,2.0,2.0,2.0,16.0,8.0,17.0,,0.0,0.0,100.0,0.205283,0,0.197209,0,0.0255136,0,0.0307218,0,0.000325205,2,104.225,0,,1,0.0135791,-0.00108181,0.788945,,100.942,38.838,-76.37,3.0
2025-06-17 10:30:00,2025-06-17,2025-06-17 10:30:00,168.4374,18000.0,18000.0,0.0,0.0,-0.0130227,0,0.0,11.753,0,0.0,31.7337,0,0.0,-1.06149,0,1.0,0.717381,0,0.0,,1,0.0,18.0257,0,430.309,438.802,-0.1,0.0,810.854,0,19.3566,19.7387,-0.1,0.0,,1,,,,9.0,296.714,0,292.279,0,101.793,0,1.20445,0,1016.21,0,0.0238719,0.0464863,0.0146116,1.9709101,2.2083602,0.0121313,89.2474,0.237456,290.431,0.92217,0,1.91575,0,0.0695416,0,2.12728,8.52246e-15,-3.22091e-16,2.12728,0,3.41165,115.174,0,64.2956,1.87335,0.103981,0,0.185711,-8.46503,-0.455994,0.370362,-0.092346,-0.0128803,1.01106,13.3742,0,1.017,27.6964,0,1.08104,-1.81533,0,1.08104,0.626112,1.08104,,1,,800000099.0,800000099.0,800000099.0,800000099.0,800000099.0,800000099.0,899999999.0,899999999.0,89999.0,89999.0,89.0,89.0,0.0,2.0,2.0,4.0,17.0,15.0,,0.0,0.0,96.0,0.158202,0,0.192157,0,0.0210636,0,0.026214,0,0.0924223,0,89.8491,2,,1,0.0109268,-0.00181533,0.626112,,97.2211,38.838,-76.37,3.0
2025-06-17 11:00:00,2025-06-17,2025-06-17 11:00:00,168.4582,18000.0,18000.0,0.0,0.0,-0.0160979,0,0.0,13.5107,0,0.0,36.0415,0,0.0,1.37307,8,2.0,0.814329,0,0.0,,1,0.0,19.4735,0,464.074,473.269,0.0,1.0,815.294,0,19.4293,19.8143,-0.1,0.0,,1,,,,9.0,296.776,0,291.725,0,101.775,0,1.20648,0,1016.24,0,0.0238311,0.0527685,0.0146916,1.97795,2.13332,0.0121772,92.7169,0.155373,290.487,1.03846,0,2.25373,0,0.0866732,0,2.48299,3.28526e-15,6.14556e-16,2.48299,0,3.86476,114.768,0,65.261,2.00042,0.115511,0,0.175231,-10.0936,-0.382419,0.374864,-0.095397,-0.0159253,1.01083,15.3297,0,1.01807,31.355,0,1.08366,0.239476,0,1.08366,0.708441,1.08366,,1,,800000099.0,800000099.0,800000099.0,800000099.0,800000099.0,800001099.0,899999999.0,899999999.0,89999.0,89999.0,89.0,89.0,0.0,1.0,5.0,0.0,9.0,4.0,,0.0,0.0,67.0,0.172197,0,0.153268,0,0.0249975,0,0.0295378,0,0.0340504,0,104.287,0,,1,0.012503,0.000239476,0.708441,,67.3487,38.838,-76.37,3.0
2025-06-17 11:30:00,2025-06-17,2025-06-17 11:30:00,168.479,18000.0,18000.0,0.0,0.0,-0.0155021,0,0.0,12.2459,0,0.0,34.8371,0,0.0,-0.0126672,0,0.0,0.787353,0,0.0,,1,0.0,19.2186,0,458.485,467.589,-0.1,0.0,816.088,0,19.4689,19.8555,-0.1,0.0,,1,,,,9.0,296.755,0,292.038,0,101.776,0,1.20519,0,1016.27,0,0.0238564,0.0510205,0.0147059,1.982,2.1754398,0.0122022,91.1077,0.19344799,290.52,0.645489,0,2.02985,0,0.0807139,0,2.13154,2.97963e-14,5.54482e-16,2.13154,0,3.49213,107.376,0,72.3594,2.17011,0.113414,0,0.164181,-10.5409,-0.366192,0.351519,-0.0881574,-0.0153327,1.01105,14.036,0,1.01701,30.4536,0,1.08107,-0.954331,0,1.08107,0.688282,1.08107,,1,,800000099.0,800000099.0,800000099.0,800000099.0,800000099.0,800000099.0,899999999.0,899999999.0,89999.0,89999.0,89.0,89.0,3.0,2.0,4.0,20.0,5.0,20.0,,0.0,0.0,73.0,0.163629,0,0.142484,0,0.0222491,0,0.0248806,0,0.0115065,0,85.7521,2,,1,0.0114599,-0.000954331,0.688282,,72.4399,38.838,-76.37,3.0
2025-06-17 12:00:00,2025-06-17,2025-06-17 12:00:00,168.4999,18000.0,18000.0,0.0,0.0,-0.0175249,0,0.0,9.53669,0,0.0,27.6829,0,0.0,1.71216,8,2.0,0.625834,0,0.0,,1,0.0,18.8004,0,448.849,457.772,0.0,1.0,816.448,0,19.4922,19.8797,-0.1,0.0,,1,,,,9.0,296.801,0,292.32,0,101.797,0,1.20426,0,1016.29,0,0.0238744,0.040554,0.0147124,1.9847901,2.2141101,0.0122169,89.6426,0.229323,290.542,0.704558,0,1.9127,0,0.0670969,0,2.03944,3.53473e-15,2.00795e-15,2.03944,0,3.26974,110.412,0,69.7783,1.88535,0.120633,0,0.151635,-16.2906,-0.236947,0.344497,-0.064594,-0.0173315,1.01116,10.9662,0,1.01678,24.2308,0,1.08046,0.860788,0,1.08046,0.547791,1.08046,,1,,800000099.0,800000099.0,800000099.0,800000099.0,800001099.0,800001099.0,899999999.0,899999999.0,89999.0,89999.0,89.0,89.0,2.0,0.0,2.0,12.0,5.0,17.0,,0.0,0.0,78.0,0.148568,0,0.132634,0,0.0220695,0,0.0231452,0,0.0198249,0,81.4189,2,,1,0.00896017,0.000860788,0.547791,,78.9241,38.838,-76.37,3.0
2025-06-17 12:30:00,2025-06-17,2025-06-17 12:30:00,168.5207,18000.0,18000.0,0.0,0.0,-0.0135487,0,0.0,11.6415,0,0.0,23.4263,0,1.0,0.296738,8,2.0,0.529428,0,1.0,,1,0.0,18.9561,0,452.139,460.929,0.1,0.0,799.504,0,19.0697,19.4404,-0.1,0.0,,1,,,,9.0,296.93,0,291.98,0,101.775,0,1.20559,0,1016.04,0,0.0238519,0.034307,0.0144071,1.94133,2.1676002,0.0119502,89.5615,0.22626401,290.192,0.380529,0,1.99275,0,0.0761218,0,2.03018,-3.71159e-15,-1.2649e-15,2.03018,0,3.18214,100.963,0,79.1891,2.14881,0.10601,0,0.1174,-9.05447,-0.426309,0.496944,-0.0896498,-0.013399,1.01117,12.7936,0,1.01676,20.2035,0,1.08041,-0.518041,0,1.08041,0.456594,1.08041,,1,,800000099.0,800000099.0,800000099.0,800000099.0,800000099.0,800011099.0,899999999.0,899999999.0,89999.0,89999.0,89.0,89.0,8.0,4.0,3.0,21.0,17.0,31.0,,0.0,0.0,59.0,0.0970286,0,0.11544,0,0.0223314,0,0.0240198,0,0.108803,0,503.338,0,,1,0.0104443,-0.000518041,0.456594,,59.3072,38.838,-76.37,3.0
2025-06-17 13:00:00,2025-06-17,2025-06-17 13:00:00,168.5415,18000.0,18000.0,0.0,0.0,-0.0096912,0,0.0,11.3302,0,0.0,30.607,0,0.0,-0.799272,0,1.0,0.692233,0,0.0,,1,0.0,18.8444,0,450.594,459.108,-0.1,0.0,775.609,0,18.5458,18.8963,-0.1,0.0,,1,,,,9.0,296.862,0,292.76,0,101.793,0,1.20284,0,1015.76,0,0.0239113,0.0448567,0.0139765,1.88834,2.27551,0.0116196,82.9856,0.387165,289.756,0.804373,0,1.35215,0,0.0419264,0,1.57387,-4.6506e-14,4.35226e-16,1.57387,0,2.71029,121.897,0,59.2522,1.52648,0.0897604,0,0.150761,-5.64764,-0.683472,0.370183,-0.103313,-0.00957411,1.01223,12.9116,0,1.016,26.8569,0,1.07805,-1.58449,0,1.07805,0.607417,1.07805,,1,,800000099.0,800000099.0,800000099.0,800000099.0,800000099.0,800000099.0,899999999.0,899999999.0,89999.0,89999.0,89.0,89.0,4.0,3.0,0.0,23.0,1.0,31.0,,0.0,0.0,40.0,0.117491,0,0.165057,0,0.0189742,0,0.0265999,0,0.00686773,0,81.4773,2,,1,0.0105677,-0.00158449,0.607417,,42.3061,38.838,-76.37,3.0
2025-06-17 13:30:00,2025-06-17,2025-06-17 13:30:00,168.5624,18000.0,18000.0,0.0,0.0,-0.00657057,0,0.0,12.4068,0,0.0,40.508,0,0.0,-0.422325,0,0.0,0.916876,0,0.0,,1,0.0,18.6493,0,447.058,455.561,-0.1,0.0,778.673,0,18.6662,19.0213,-0.1,0.0,,1,,,,9.0,296.752,0,293.567,0,101.816,0,1.19975,0,1015.84,0,0.0239719,0.0594136,0.0140317,1.9010301,2.3921201,0.0116955,79.4704,0.49109298,289.861,0.957065,0,1.22213,0,0.0446355,0,1.55293,5.83003e-15,3.15185e-15,1.55293,0,3.11576,126.698,0,51.9352,1.64707,0.0740043,0,0.138756,-2.89099,-1.33518,0.30628,-0.137558,-0.0064907,1.01231,14.5414,0,1.01598,35.7698,0,1.07797,-1.37201,0,1.07797,0.809629,1.07797,,1,,800000099.0,800000099.0,800000099.0,800000099.0,800000099.0,800000199.0,899999999.0,899999999.0,89999.0,89999.0,89.0,89.0,0.0,13.0,2.0,43.0,31.0,39.0,,0.0,0.0,46.0,0.156249,0,0.100396,0,0.0208664,0,0.0267687,0,0.00126052,0,105.609,0,,1,0.0119313,-0.00137201,0.809629,,45.7265,38.838,-76.37,3.0
2025-06-17 14:00:00,2025-06-17,2025-06-17 14:00:00,168.5832,18000.0,18000.0,0.0,0.0,-0.0269747,0,1.0,16.7227,0,1.0,39.7693,0,1.0,-1.33741,0,1.0,0.900607,0,1.0,,1,0.0,18.4143,0,442.287,450.805,-0.1,0.0,786.715,0,18.8959,19.2598,-0.1,0.0,,1,,,,9.0,296.842,0,294.086,0,101.797,0,1.1973,0,1015.98,0,0.0240187,0.0583593,0.0141766,1.9240601,2.46981,0.0118404,77.9033,0.545747,290.051,0.201575,0,1.20601,0,0.0519549,0,1.22384,9.76882e-15,9.8522e-16,1.22384,0,2.65011,102.435,0,80.5111,2.43308,0.150098,0,0.359649,-17.8946,-0.215708,0.420494,-0.0915884,-0.0266032,1.01397,18.7495,0,1.01611,34.7105,0,1.0773,-2.41029,0,1.0773,0.786048,1.0773,,1,,800000099.0,800000099.0,800000099.0,800000099.0,800000099.0,800110199.0,899999999.0,899999999.0,89999.0,89999.0,89.0,89.0,5.0,6.0,3.0,31.0,13.0,42.0,,0.0,0.0,47.0,0.136806,0,0.559905,0,0.0225872,0,0.0300267,0,0.0117594,0,80.703,2,,1,0.0154134,-0.00241029,0.786048,,48.323,38.838,-76.37,3.0
2025-06-17 14:30:00,2025-06-17,2025-06-17 14:30:00,168.604,18000.0,18000.0,0.0,0.0,0.00683034,4,0.0,13.5794,0,0.0,31.5122,0,0.0,-0.470254,0,0.0,0.714193,0,0.0,,1,0.0,18.1266,0,436.602,445.175,0.0,0.0,799.481,0,19.2565,19.6346,0.0,0.0,,1,,,,9.0,296.921,0,294.918,0,101.799,0,1.19378,0,1016.21,0,0.0240863,0.0462797,0.0144066,1.96082,2.59905,0.0120681,75.4436,0.638234,290.35,-0.0659327,0,1.11078,0,0.0505542,0,1.11388,-3.66386e-14,6.29045e-16,1.11388,0,2.39077,86.827,0,93.3969,2.60131,0.0756413,0,0.117309,-2.82057,-1.36852,0.430926,-0.147984,0.00673072,1.0148,15.179,0,1.01636,27.4431,0,1.07737,-1.36456,0,1.07737,0.621971,1.07737,,1,,800000099.0,800000099.0,800000099.0,800000099.0,800010099.0,800010199.0,899999999.0,899999999.0,89999.0,89999.0,89.0,89.0,0.0,12.0,0.0,57.0,16.0,55.0,,0.0,0.0,55.0,0.104445,0,0.112571,0,0.0176019,0,0.0321022,0,0.00114366,0,173.079,0,,1,0.0125123,-0.00136456,0.621971,,56.5918,38.838,-76.37,3.0
2025-06-17 15:00:00,2025-06-17,2025-06-17 15:00:00,168.6249,18000.0,18000.0,0.0,0.0,0.00412204,4,1.0,9.9603,0,0.0,16.4897,0,1.0,0.267405,8,2.0,0.373917,0,1.0,,1,0.0,18.0367,0,435.079,444.171,0.0,0.0,848.586,0,20.4695,20.8973,0.0,0.0,,1,,,,9.0,297.245,0,295.451,0,101.832,0,1.19147,0,1016.91,0,0.0241219,0.0242298,0.0152915,2.08501,2.68473,0.0128342,77.6617,0.59972304,291.324,-0.470395,0,0.777682,0,0.0270989,0,0.909283,3.85281e-15,-2.41875e-15,0.909283,0,2.15663,62.4276,0,121.168,1.70781,0.0588187,0,0.143496,-1.80889,-2.1339,0.60403,-0.139764,0.00405328,1.01696,10.7446,0,1.01726,14.0163,0,1.07809,-0.368399,0,1.07809,0.31783,1.07809,,1,,800000099.0,800000099.0,800000099.0,800000099.0,800010099.0,800010099.0,899999999.0,899999999.0,89999.0,89999.0,89.0,89.0,0.0,0.0,0.0,39.0,14.0,39.0,,0.0,0.0,81.0,0.126514,0,0.138438,0,0.0220403,0,0.0613402,0,0.00635639,0,192.755,0,,1,0.00886802,-0.000368399,0.31783,,82.2481,38.838,-76.37,3.0
2025-06-17 15:30:00,2025-06-17,2025-06-17 15:30:00,168.6457,18000.0,18000.0,0.0,0.0,-0.00137839,0,1.0,10.8978,0,0.0,26.6189,0,0.0,-0.133838,0,0.0,0.60349,0,0.0,,1,0.0,17.7751,0,428.314,437.474,0.0,0.0,868.962,0,20.9387,21.3866,0.0,0.0,,1,,,,9.0,297.704,0,295.256,0,101.873,0,1.19252,0,1017.17,0,0.0240963,0.0391061,0.0156587,2.1336699,2.6531298,0.0131308,80.4208,0.519461,291.692,-0.520037,0,1.10936,0,0.0679214,0,1.22708,-2.65776e-14,-1.56908e-15,1.22708,0,2.09296,66.2813,0,115.116,3.17305,0.033998,0,0.127358,-0.319391,-12.0855,0.409401,-0.264257,-0.00135944,1.01394,12.2652,0,1.01611,23.1088,0,1.0773,-0.866276,0,1.0773,0.52391,1.0773,,1,,800000099.0,800000099.0,800000099.0,800000099.0,800010099.0,800010199.0,899999999.0,899999999.0,89999.0,89999.0,89.0,89.0,4.0,1.0,1.0,57.0,36.0,46.0,,0.0,0.0,98.0,0.128464,0,0.104978,0,0.0212741,0,0.0321437,0,0.00535101,0,47.8298,2,,1,0.0101115,-0.000866276,0.52391,,99.2199,38.838,-76.37,3.0
2025-06-17 16:00:00,2025-06-17,2025-06-17 16:00:00,168.6665,18000.0,18000.0,0.0,0.0,-0.00825936,0,1.0,19.0169,0,1.0,35.8894,0,1.0,0.46895,0,1.0,0.813765,0,1.0,,1,0.0,17.6706,0,425.858,435.115,-0.3,0.0,882.778,0,21.2748,21.7373,-0.1,0.0,,1,,,,9.0,298.28,0,295.384,0,101.902,0,1.19219,0,1017.36,0,0.0240998,0.052732,0.0159077,2.16853,2.67385,0.0133432,81.1014,0.50532,291.951,0.423705,0,0.13157,0,0.0267142,0,0.444466,4.44846e-14,-7.06575e-15,0.444466,0,2.39107,158.966,0,17.2507,3.44578,0.0832339,0,0.41433,-2.68645,-1.43684,0.529874,-0.188372,-0.00802407,1.02932,20.6279,0,1.02444,30.4317,0,1.08634,-0.750794,0,1.08634,0.690017,1.08634,,1,,800000099.0,800000099.0,800000099.0,800000099.0,800000099.0,800001099.0,899999999.0,899999999.0,89999.0,89999.0,89.0,89.0,3.0,1.0,1.0,19.0,41.0,24.0,,0.0,0.0,100.0,0.24674,0,0.531191,0,0.0507287,0,0.0822693,0,0.00085083,2,149.965,0,,1,0.0170072,-0.000750794,0.690017,,101.075,38.838,-76.37,3.0
2025-06-17 16:30:00,2025-06-17,2025-06-17 16:30:00,168.6873,18000.0,18000.0,0.0,0.0,0.0305074,4,1.0,33.8964,0,1.0,82.1383,0,1.0,-1.29397,0,1.0,1.86235,0,1.0,,1,0.0,17.6432,0,425.249,434.735,0.0,0.0,905.314,0,21.8206,22.3073,0.0,0.0,,1,,,,9.0,298.613,0,295.345,0,101.876,0,1.1918,0,1017.68,0,0.0241028,0.120681,0.0163138,2.2235901,2.66756,0.0136884,83.3569,0.44396397,292.353,2.41543,0,-1.40781,0,0.0723514,0,2.79669,-1.62127e-14,4.65407e-15,2.79669,0,5.69813,211.994,0,329.765,1.48243,0.159993,0,0.823324,-10.7036,-0.360625,0.412674,-0.174679,0.0301802,1.01084,37.9872,0,1.01918,70.4873,0,1.08626,-3.45736,0,1.08626,1.59819,1.08626,,1,,800000099.0,800000099.0,800000099.0,800000099.0,800001099.0,800101099.0,899999999.0,899999999.0,89999.0,89999.0,89.0,89.0,0.0,10.0,3.0,16.0,35.0,8.0,,0.0,0.0,100.0,1.29997,0,0.236759,0,0.109919,0,0.0753326,0,0.00147558,0,164.705,0,,1,0.0313203,-0.00345736,1.59819,,101.054,38.838,-76.37,3.0
2025-06-17 18:30:00,2025-06-17,2025-06-17 18:30:00,168.7707,18000.0,18000.0,0.0,0.0,-0.0567037,0,0.0,2.27296,0,1.0,29.2388,0,0.0,0.165524,0,1.0,0.663581,0,0.0,,1,0.0,17.3177,0,419.287,428.93,0.0,0.0,928.572,0,22.4821,22.9991,0.0,0.0,,1,,,,9.0,299.864,0,296.336,0,101.759,0,1.18615,0,1018.07,0,0.0242114,0.043,0.0167329,2.2883701,2.8328402,0.0141069,80.7803,0.54446197,292.814,2.64422,0,0.105803,0,0.0736124,0,2.64736,3.78423e-14,4.3076e-15,2.64736,0,4.23905,176.846,0,2.29135,1.59337,0.218643,0,0.22081,-407.099,-0.00948172,0.0777379,-0.00860871,-0.0560968,1.01082,3.92168,0,1.01863,26.1029,0,1.08499,-0.205306,0,1.08499,0.592411,1.08499,,1,,800000099.0,800000099.0,800000099.0,800000099.0,800000099.0,800000099.0,899999999.0,899999999.0,89999.0,89999.0,89.0,89.0,13.0,13.0,0.0,4.0,3.0,0.0,,0.0,0.0,100.0,0.25602,0,0.125533,0,0.0600675,0,0.0200331,0,0.000192387,2,184.743,0,,1,0.00324754,-0.000205306,0.592411,,101.085,38.838,-76.37,3.0
2025-06-17 19:00:00,2025-06-17,2025-06-17 19:00:00,168.7915,18000.0,18000.0,0.0,0.0,-0.0324101,0,0.0,0.4317,0,0.0,32.0821,0,0.0,0.102743,0,0.0,0.728449,0,0.0,,1,0.0,17.26,0,418.677,428.382,-0.1,0.0,933.915,0,22.6541,23.1792,-0.1,0.0,,1,,,,9.0,300.23,0,296.818,0,101.733,0,1.18384,0,1018.18,0,0.0242571,0.0472035,0.0168291,2.30528,2.9163702,0.0142158,79.0464,0.611086,292.933,2.91766,0,-0.173981,0,0.0709936,0,2.9237,-1.61969e-14,4.17156e-16,2.9237,0,4.07135,182.81,0,356.587,1.3914,0.16546,0,0.170023,-928.797,-0.00415591,0.0134561,-0.00216457,-0.032061,1.01089,2.27636,0,1.01966,28.7901,0,1.08737,-0.205198,0,1.08737,0.653703,1.08737,,1,,800000099.0,800000099.0,800000099.0,800000099.0,800000099.0,800000099.0,899999999.0,899999999.0,89999.0,89999.0,89.0,89.0,34.0,28.0,0.0,18.0,0.0,0.0,,0.0,0.0,100.0,0.194223,0,0.109107,0,0.0367169,0,0.0185486,0,0.000895524,2,193.52,0,,1,0.00188853,-0.000205198,0.653703,,101.094,38.838,-76.37,3.0
2025-06-17 19:30:00,2025-06-17,2025-06-17 19:30:00,168.8123,17316.0,17316.0,0.0,0.0,-0.0158209,0,1.0,-2.61499,0,1.0,37.0895,0,1.0,0.147874,0,1.0,0.842318,0,1.0,,1,0.0,17.2029,0,417.66,427.43,0.0,0.0,941.435,0,22.8567,23.3913,-0.1,0.0,,1,,,,9.0,300.482,0,297.029,0,101.715,0,1.1827,0,1018.3,0,0.0242786,0.0545822,0.0169647,2.3255,2.95355,0.014344,78.7356,0.62805295,293.074,2.91616,0,-0.691523,0,0.0923805,0,2.99846,-2.52026e-14,1.08579e-15,2.99846,0,4.0857,193.312,0,346.66,1.76552,0.115659,0,0.100273,52.366,0.073712,-0.0705049,0.0187733,-0.0156632,1.01007,-0.445999,0,1.0209,33.1761,0,1.10153,-0.0710292,0,1.10153,0.753444,1.10153,,1,,800000099.0,800000099.0,800000099.0,800000099.0,800000099.0,800000099.0,899999999.0,899999999.0,89999.0,89999.0,89.0,89.0,5.0,15.0,5.0,27.0,3.0,0.0,,2.0,0.0,100.0,0.102125,0,0.0828358,0,0.0155852,0,0.00305979,0,0.000212302,2,212.244,0,,1,-0.000370324,-7.10292e-05,0.753444,,101.115,38.838,-76.37,3.0
2025-06-17 20:00:00,2025-06-17,2025-06-17 20:00:00,168.8332,18000.0,18000.0,0.0,0.0,-0.00562555,0,0.0,1.6947,0,0.0,19.6155,0,0.0,-0.0441683,0,0.0,0.445502,0,0.0,,1,0.0,17.1739,0,417.213,427.134,0.0,0.0,956.08,0,23.2264,23.7787,0.0,0.0,,1,,,,9.0,300.43,0,297.088,0,101.673,0,1.18181,0,1018.51,0,0.0242934,0.0288685,0.0172286,2.36214,2.96406,0.0145781,79.6929,0.601914,293.327,2.5394,0,-1.29,0,0.0843406,0,2.84952,3.51962e-14,-2.04775e-16,2.84952,0,3.99777,206.906,0,333.07,1.6961,0.0689935,0,0.0897926,-17.1482,-0.225097,0.0863959,-0.0204065,-0.00556511,1.01086,2.79762,0,1.01937,17.4473,0,1.08672,-0.286607,0,1.08672,0.396259,1.08672,,1,,800000099.0,800000099.0,800000099.0,800000099.0,800011099.0,800111099.0,899999999.0,899999999.0,89999.0,89999.0,89.0,89.0,5.0,15.0,6.0,100.0,83.0,6.0,,0.0,0.0,100.0,0.0930418,0,0.0716701,0,0.0148733,0,0.00770432,0,0.000316525,2,123.381,0,,1,0.0023242,-0.000286607,0.396259,,101.096,38.838,-76.37,3.0
2025-06-17 20:30:00,2025-06-17,2025-06-17 20:30:00,168.854,18000.0,18000.0,0.0,0.0,0.0205987,12,2.0,9.22171,0,0.0,31.4309,0,0.0,-0.589874,0,1.0,0.713951,0,0.0,,1,0.0,17.1733,0,417.483,427.591,0.0,0.0,972.442,0,23.6401,24.2125,-0.1,0.0,,1,,,,9.0,300.607,0,297.234,0,101.654,0,1.18082,0,1018.75,0,0.02431,0.046264,0.0175234,2.40375,2.99015,0.0148401,80.3888,0.58640397,293.609,2.16199,0,-1.21344,0,0.0393874,0,2.47956,3.46461e-14,-2.3254e-15,2.47956,0,4.46767,210.123,0,330.696,0.910174,0.132077,0,0.499822,-22.1072,-0.174604,0.293397,-0.0580405,0.0203779,1.01083,10.8858,0,1.01806,27.3004,0,1.08363,-1.22819,0,1.08363,0.620128,1.08363,,1,,800000099.0,800000099.0,800000099.0,800000099.0,800000099.0,800111099.0,899999999.0,899999999.0,89999.0,89999.0,89.0,89.0,9.0,5.0,1.0,48.0,23.0,18.0,,0.0,0.0,100.0,0.84604,0,0.104837,0,0.0487652,0,0.0235567,0,0.00173766,0,158.891,0,,1,0.00904921,-0.00122819,0.620128,,101.092,38.838,-76.37,3.0
2025-06-17 21:00:00,2025-06-17,2025-06-17 21:00:00,168.8748,18000.0,18000.0,0.0,0.0,0.0305305,4,1.0,19.7305,0,1.0,70.4561,0,1.0,-0.195201,0,1.0,1.60034,0,1.0,,1,0.0,17.2297,0,418.876,429.29,0.0,0.0,997.824,0,24.2584,24.8615,0.0,0.0,,1,,,,9.0,300.576,0,297.19,0,101.633,0,1.18047,0,1019.11,0,0.0243113,0.103702,0.0179808,2.46612,2.98227,0.0152318,82.6927,0.51615196,294.025,1.28459,0,-0.900679,0,0.009063,0,1.56891,9.20166e-15,3.54167e-16,1.56891,0,4.57837,216.61,0,324.964,0.330978,0.160819,0,0.332773,-18.6519,-0.20695,0.28004,-0.101982,0.0301611,1.01225,23.5367,0,1.01599,61.5218,0,1.07803,-1.68502,0,1.07803,1.39741,1.07803,,1,,800000099.0,800000099.0,800000099.0,800000099.0,800000099.0,800011099.0,899999999.0,899999999.0,89999.0,89999.0,89.0,89.0,16.0,11.0,2.0,34.0,35.0,10.0,,0.0,0.0,100.0,0.416318,0,0.131287,0,0.117941,0,0.030213,0,0.000656138,2,102.918,0,,1,0.0195645,-0.00168502,1.39741,,101.079,38.838,-76.37,3.0
2025-06-17 21:30:00,2025-06-17,2025-06-17 21:30:00,168.8956,18000.0,18000.0,0.0,0.0,-0.00572245,8,2.0,7.84439,0,1.0,34.6057,0,1.0,0.662472,8,2.0,0.785774,0,1.0,,1,0.0,17.1601,0,416.774,427.111,0.0,1.0,996.481,0,24.2019,24.8021,0.0,0.0,,1,,,,9.0,300.634,0,296.849,0,101.617,0,1.18167,0,1019.07,0,0.0242874,0.0509181,0.0179566,2.45997,2.92171,0.015196,84.1963,0.461737,293.984,2.18,0,-1.08223,0,0.0673973,0,2.43478,7.58196e-14,-6.67723e-15,2.43478,0,4.56843,208.9,0,333.599,1.58621,0.0695895,0,0.527028,-3.80068,-1.01561,0.226679,-0.0936089,-0.00566105,1.01085,9.71771,0,1.01791,30.283,0,1.08328,-0.0384482,0,1.08328,0.68762,1.08328,,1,,800000099.0,800000099.0,800000099.0,800000099.0,800010099.0,800110099.0,899999999.0,899999999.0,89999.0,89999.0,89.0,89.0,6.0,6.0,2.0,34.0,16.0,1.0,,0.0,0.0,100.0,0.769457,0,0.217168,0,0.0674322,0,0.00890631,0,0.000440925,2,116.622,0,,1,0.00806986,-3.84482e-05,0.68762,,101.057,38.838,-76.37,3.0
2025-06-17 22:00:00,2025-06-17,2025-06-17 22:00:00,168.9165,18000.0,18000.0,0.0,0.0,-0.018548,0,0.0,-0.50961,8,2.0,23.0887,0,0.0,-0.159947,0,1.0,0.524306,0,0.0,,1,0.0,17.0611,0,414.521,424.93,0.0,0.0,1008.26,0,24.4969,25.1121,0.0,0.0,,1,,,,9.0,300.889,0,296.935,0,101.609,0,1.1811,0,1019.24,0,0.0242963,0.0339751,0.0181688,2.48977,2.93701,0.015383,84.7725,0.447231,294.18,2.83783,0,-0.547409,0,0.0973887,0,2.89178,5.49589e-14,-9.38094e-16,2.89178,0,4.04293,190.801,0,349.082,1.92996,0.125316,0,0.134136,341.641,0.0112984,-0.0220719,0.00337807,-0.0183485,1.01088,0.83648,0,1.01953,20.7769,0,1.08709,-0.324721,0,1.08709,0.471809,1.08709,,1,,800000099.0,800000099.0,800000099.0,800000099.0,800000099.0,800000099.0,899999999.0,899999999.0,89999.0,89999.0,89.0,89.0,9.0,24.0,2.0,20.0,11.0,0.0,,0.0,0.0,100.0,0.099672,0,0.145183,0,0.0234169,0,0.0181053,0,0.00100155,0,196.881,0,,1,0.000694853,-0.000324721,0.471809,,101.049,38.838,-76.37,3.0
2025-06-17 22:30:00,2025-06-17,2025-06-17 22:30:00,168.9373,18000.0,18000.0,0.0,0.0,-0.0386481,0,0.0,-0.513253,0,1.0,24.6854,0,0.0,0.0197967,0,1.0,0.56052,0,0.0,,1,0.0,17.0416,0,413.995,424.411,0.0,0.0,1010.23,0,24.5418,25.1593,0.0,0.0,,1,,,,9.0,300.888,0,296.854,0,101.594,0,1.18123,0,1019.26,0,0.0242932,0.0363217,0.0182044,2.49397,2.92258,0.0154114,85.3346,0.428609,294.208,2.9136,0,-0.272882,0,0.0821126,0,2.9275,-5.44224e-14,-1.87249e-15,2.9275,0,4.34482,184.214,0,354.649,1.60728,0.180883,0,0.274805,1020.01,0.00378426,-0.0207918,0.00235675,-0.0382317,1.01089,0.924858,0,1.01967,22.2027,0,1.0874,-0.17273,0,1.0874,0.504148,1.0874,,1,,800000099.0,800000099.0,800000099.0,800000099.0,800001099.0,800001099.0,899999999.0,899999999.0,89999.0,89999.0,89.0,89.0,8.0,16.0,0.0,26.0,30.0,4.0,,0.0,0.0,100.0,0.278119,0,0.231567,0,0.0399232,0,0.00627028,0,7.52041e-05,2,243.927,0,,1,0.000768164,-0.00017273,0.504148,,101.046,38.838,-76.37,3.0
2025-06-17 23:00:00,2025-06-17,2025-06-17 23:00:00,168.9581,18000.0,18000.0,0.0,0.0,-0.0242798,0,0.0,-3.12455,0,1.0,13.6422,0,0.0,-0.110758,0,0.0,0.309832,0,0.0,,1,0.0,17.0123,0,413.646,424.244,0.0,0.0,1027.42,0,24.9813,25.6214,0.0,0.0,,1,,,,9.0,301.143,0,297.066,0,101.577,0,1.17999,0,1019.52,0,0.0243145,0.0200771,0.0185142,2.53822,2.9600902,0.01569,85.7478,0.42187798,294.494,2.93199,0,-0.433716,0,0.0771541,0,2.9649,6.09521e-14,-2.68324e-15,2.9649,0,4.28963,187.86,0,351.586,1.49115,0.143444,0,0.187474,83.5586,0.0461951,-0.229035,0.0181063,-0.0240187,1.01087,-2.28322,0,1.02269,12.3321,0,1.11067,-0.0812174,0,1.11067,0.280078,1.11067,,1,,800000099.0,800000099.0,800000099.0,800000099.0,800000099.0,800100099.0,899999999.0,899999999.0,89999.0,89999.0,89.0,89.0,3.0,10.0,1.0,11.0,2.0,1.0,,0.0,0.0,100.0,0.170085,0,0.176115,0,0.0287486,0,0.0057512,0,0.000242851,2,80.6328,2,,1,-0.00189789,-8.12174e-05,0.280078,,101.046,38.838,-76.37,3.0
2025-06-17 23:30:00,2025-06-17,2025-06-17 23:30:00,168.979,18000.0,18000.0,0.0,0.0,-0.0369195,0,0.0,-1.25671,0,0.0,10.5406,0,0.0,-0.0501973,0,0.0,0.239328,0,0.0,,1,0.0,17.0138,0,413.338,424.078,0.0,0.0,1042.47,0,25.3262,25.9843,0.0,0.0,,1,,,,9.0,301.118,0,296.799,0,101.571,0,1.18082,0,1019.72,0,0.0242943,0.0155085,0.0187854,2.57309,2.91299,0.0159087,88.3314,0.33990398,294.717,2.99419,0,-0.129169,0,0.0679105,0,2.99775,2.17729e-14,2.72367e-16,2.99775,0,4.53303,182.159,0,357.53,1.29808,0.176822,0,0.195783,389.145,0.00991919,-0.119225,0.00590249,-0.0365626,1.00976,-0.628034,0,1.02018,9.50346,0,1.09803,-0.0813374,0,1.09803,0.21578,1.09803,,1,,800000099.0,800000099.0,800000099.0,800000099.0,800000099.0,800000099.0,899999999.0,899999999.0,89999.0,89999.0,89.0,89.0,18.0,36.0,1.0,43.0,7.0,0.0,,0.0,0.0,100.0,0.280177,0,0.0712786,0,0.0401111,0,0.00315739,0,6.59495e-05,2,97.7828,2,,1,-0.000521579,-8.13374e-05,0.21578,,100.993,38.838,-76.37,3.0
